6030 40 -3385
6031 39 -3384
6032 39 -3383
6034 39 -3382
6035 39 -3381
6036 39 -3380
6038 39 -3379
6039 39 -3377
6040 39 -3376
6042 39 -3375
6043 39 -3374
6044 39 -3373
6046 39 -3372
6047 39 -3370
6048 39 -3369
6050 38 -3368
6051 38 -3367
6052 38 -3366
6054 38 -3365
6055 38 -3363
6056 38 -3362
6058 38 -3361
6059 38 -3360
6060 38 -3359
6062 38 -3358
6063 38 -3356
6064 38 -3355
6066 38 -3354
6067 38 -3353
6068 38 -3352
6070 37 -3351
6071 37 -3349
6072 37 -3348
6074 37 -3347
6075 37 -3346
6076 37 -3345
6078 37 -3344
6079 37 -3342
6080 37 -3341
6082 37 -3340
6083 37 -3339
6084 37 -3338
6086 37 -3337
6087 37 -3335
6088 36 -3334
6090 36 -3333
6091 36 -3332
6093 36 -3331
6094 36 -3330
6095 36 -3328
6097 36 -3327
6098 36 -3326
6099 36 -3325
6101 36 -3324
6102 36 -3323
6103 36 -3321
6105 36 -3320
6106 36 -3319
6107 36 -3318
6109 35 -3317
6110 35 -3316
6111 35 -3314
6113 35 -3313
6114 35 -3312
6115 35 -3311
6117 35 -3310
6118 35 -3309
6119 35 -3307
6121 35 -3306
6122 35 -3305
6123 35 -3304
6125 35 -3303
6126 35 -3302
6127 34 -3300
6129 34 -3299
6130 34 -3298
6131 34 -3297
6133 34 -3296
6134 34 -3295
6135 34 -3293
6137 34 -3292
6138 34 -3291
6139 34 -3290
6141 34 -3289
6142 34 -3288
6143 34 -3286
6145 34 -3285
6146 34 -3284
6147 33 -3283
6149 33 -3282
6150 33 -3281
6151 33 -3279
6153 33 -3278
6154 33 -3277
6156 33 -3276
6157 33 -3275
6158 33 -3274
6160 33 -3272
6161 33 -3271
6162 33 -3270
6164 33 -3269
6165 33 -3268
6166 33 -3267
6168 32 -3265
6169 32 -3264
6170 32 -3263
6172 32 -3262
6173 32 -3261
6174 32 -3260
6176 32 -3258
6177 32 -3257
6178 32 -3256
6180 32 -3255
6181 32 -3254
6182 32 -3253
6184 32 -3251
6185 32 -3250
6186 31 -3249
6188 31 -3248
6189 31 -3247
6190 31 -3246
6192 31 -3244
6193 31 -3243
6194 31 -3242
6196 31 -3241
6197 31 -3240
6198 31 -3239
6200 31 -3237
6201 31 -3236
6202 31 -3235
6204 31 -3234
6205 31 -3233
6206 30 -3232
6208 30 -3231
6209 30 -3229
6210 30 -3228
6212 30 -3227
6213 30 -3226
6215 30 -3225
6216 30 -3224
6217 30 -3222
6219 30 -3221
6220 30 -3220
6221 30 -3219
6223 30 -3218
6224 30 -3217
6225 29 -3215
6227 29 -3214
6228 29 -3213
6229 29 -3212
6231 29 -3211
6232 29 -3210
6233 29 -3208
6235 29 -3207
6236 29 -3206
6237 29 -3205
6239 29 -3204
6240 29 -3203
6241 29 -3201
6243 29 -3200
6244 29 -3199
6245 28 -3198
6247 28 -3197
6248 28 -3196
6249 28 -3194
6251 28 -3193
6252 28 -3192
6253 28 -3191
6255 28 -3190
6256 28 -3189
6257 28 -3187
6259 28 -3186
6260 28 -3185
6261 28 -3184
6263 28 -3183
6264 27 -3182
6265 27 -3180
6267 27 -3179
6268 27 -3178
6269 27 -3177
6271 27 -3176
6272 27 -3175
6273 27 -3173
6275 27 -3172
6276 27 -3171
6278 27 -3170
6279 27 -3169
6280 27 -3168
6282 27 -3166
6283 27 -3165
6284 26 -3164
6286 26 -3163
6287 26 -3162
6288 26 -3161
6290 26 -3159
6291 26 -3158
6292 26 -3157
6294 26 -3156
6295 26 -3155
6296 26 -3154
6298 26 -3152
6299 26 -3151
6300 26 -3150
6302 26 -3149
6303 26 -3148
6304 25 -3147
6306 25 -3145
6307 25 -3144
6308 25 -3143
6310 25 -3142
6311 25 -3141
6312 25 -3140
6314 25 -3138
6315 25 -3137
6316 25 -3136
6318 25 -3135
6319 25 -3134
6320 25 -3133
6322 25 -3131
6323 24 -3130
6324 24 -3129
6326 24 -3128
6327 24 -3127
6328 24 -3126
6330 24 -3124
6331 24 -3123
6332 24 -3122
6334 24 -3121
6335 24 -3120
6336 24 -3119
6338 24 -3117
6339 24 -3116
6341 24 -3115
6342 24 -3114
6343 23 -3113
6345 23 -3112
6346 23 -3110
6347 23 -3109
6349 23 -3108
6350 23 -3107
6351 23 -3106
6353 23 -3105
6354 23 -3103
6355 23 -3102
6357 23 -3101
6358 23 -3100
6359 23 -3099
6361 23 -3098
6362 22 -3096
6363 22 -3095
6365 22 -3094
6366 22 -3093
6367 22 -3092
6369 22 -3091
6370 22 -3089
6371 22 -3088
6373 22 -3087
6374 22 -3086
6375 22 -3085
6377 22 -3084
6378 22 -3083
6379 22 -3081
6381 22 -3080
6382 21 -3079
6383 21 -3078
6385 21 -3077
6386 21 -3076
6387 21 -3074
6389 21 -3073
6390 21 -3072
6391 21 -3071
6393 21 -3070
6394 21 -3069
6395 21 -3067
6397 21 -3066
6398 21 -3065
6400 21 -3064
6401 21 -3063
6402 20 -3062
6404 20 -3060
6405 20 -3059
6406 20 -3058
6408 20 -3057
6409 20 -3056
6410 20 -3055
6412 20 -3053
6413 20 -3052
6414 20 -3051
6416 20 -3050
6417 20 -3049
6418 20 -3048
6420 20 -3046
6421 20 -3045
6422 20 -3044
6423 20 -3043
6425 20 -3042
6426 20 -3040
6427 20 -3039
6428 20 -3038
6429 20 -3036
6430 20 -3035
6431 20 -3033
6432 20 -3032
6433 20 -3030
6434 20 -3029
6434 20 -3027
6435 20 -3025
6436 20 -3024
6436 20 -3022
6437 20 -3020
6437 20 -3018
6438 20 -3017
6438 20 -3015
6438 20 -3013
6438 20 -3011
6438 20 -3010
6439 20 -3008
6439 20 -3006
6439 20 -3004
6438 20 -3003
6438 20 -3001
6438 20 -2999
6438 20 -2997
6437 20 -2996
6437 20 -2994
6437 20 -2992
6436 20 -2990
6436 20 -2989
6435 20 -2987
6434 20 -2985
6433 20 -2984
6433 20 -2982
6432 20 -2981
6431 20 -2979
6430 20 -2978
6429 20 -2976
6428 20 -2975
6427 20 -2973
6426 20 -2972
6424 20 -2971
6423 20 -2969
6422 20 -2968
6421 20 -2967
6419 20 -2966
6418 20 -2965
6416 20 -2964
6415 20 -2963
6413 20 -2962
6412 20 -2961
6410 20 -2960
6409 20 -2959
6407 20 -2959
6405 20 -2958
6404 20 -2957
6402 20 -2957
6400 20 -2956
6399 20 -2956
6397 20 -2955
6395 20 -2955
6393 20 -2955
6392 20 -2955
6390 20 -2955
6388 20 -2954
6386 20 -2954
6384 20 -2954
6383 20 -2955
6381 20 -2955
6379 20 -2955
6377 20 -2955
6376 20 -2956
6374 20 -2956
6372 20 -2956
6371 20 -2957
6369 20 -2958
6367 20 -2958
6366 20 -2959
6364 20 -2960
6362 20 -2961
6361 20 -2961
6359 20 -2962
6358 20 -2963
6356 20 -2964
6355 20 -2965
6354 20 -2966
6352 20 -2968
6351 20 -2969
6350 20 -2970
6348 20 -2971
6347 20 -2973
6346 20 -2974
6345 20 -2975
6344 20 -2976
6343 20 -2978
6342 20 -2979
6341 20 -2981
6340 20 -2982
6339 20 -2984
6338 20 -2985
6337 20 -2986
6336 20 -2988
6335 20 -2989
6334 20 -2991
6332 20 -2992
6331 20 -2994
6330 20 -2995
6329 20 -2996
6328 20 -2998
6327 20 -2999
6326 20 -3001
6325 20 -3002
6324 20 -3003
6323 20 -3005
6322 20 -3006
6321 20 -3008
6320 20 -3009
6319 20 -3011
6318 20 -3012
6316 20 -3013
6315 20 -3015
6314 20 -3016
6313 20 -3018
6312 20 -3019
6311 20 -3021
6310 20 -3022
6309 20 -3023
6308 20 -3025
6307 20 -3026
6306 20 -3028
6305 20 -3029
6304 20 -3030
6303 20 -3032
6301 20 -3033
6300 20 -3035
6299 20 -3036
6298 20 -3038
6297 20 -3039
6296 20 -3040
6295 20 -3042
6294 20 -3043
6293 20 -3045
6292 20 -3046
6291 20 -3047
6290 20 -3049
6289 20 -3050
6288 20 -3052
6286 20 -3053
6285 20 -3055
6284 20 -3056
6283 20 -3057
6282 20 -3059
6281 20 -3060
6280 20 -3062
6279 20 -3063
6278 20 -3065
6277 20 -3066
6276 20 -3067
6275 20 -3069
6274 20 -3070
6273 20 -3072
6272 20 -3073
6270 20 -3074
6269 20 -3076
6268 20 -3077
6268 20 -3078
6266 19 -3080
6265 19 -3081
6264 19 -3083
6263 19 -3084
6262 19 -3085
6261 19 -3087
6260 19 -3088
6259 19 -3090
6258 19 -3091
6257 19 -3092
6256 19 -3094
6255 18 -3095
6254 18 -3096
6253 18 -3098
6252 18 -3099
6251 18 -3101
6250 18 -3102
6249 18 -3103
6248 18 -3105
6247 18 -3106
6246 18 -3107
6245 18 -3109
6244 17 -3110
6243 17 -3111
6242 17 -3113
6241 17 -3114
6240 17 -3115
6239 17 -3117
6238 17 -3118
6237 17 -3119
6236 17 -3121
6235 17 -3122
6234 17 -3123
6233 17 -3125
6232 16 -3126
6231 16 -3127
6230 16 -3129
6229 16 -3130
6228 16 -3131
6227 16 -3132
6226 16 -3134
6225 16 -3135
6224 16 -3136
6223 16 -3138
6222 16 -3139
6221 16 -3140
6220 15 -3141
6219 15 -3143
6218 15 -3144
6217 15 -3145
6216 15 -3146
6215 15 -3148
6214 15 -3149
6213 15 -3150
6212 15 -3151
6212 15 -3153
6211 15 -3154
6210 15 -3155
6209 14 -3156
6208 14 -3158
6207 14 -3159
6206 14 -3160
6205 14 -3161
6204 14 -3162
6203 14 -3164
6202 14 -3165
6201 14 -3166
6201 14 -3167
6200 14 -3168
6199 14 -3170
6198 14 -3171
6197 13 -3172
6196 13 -3173
6195 13 -3174
6194 13 -3176
6193 13 -3177
6193 13 -3178
6192 13 -3179
6191 13 -3180
6190 13 -3181
6189 13 -3183
6188 13 -3184
6187 13 -3185
6186 13 -3186
6186 12 -3187
6185 12 -3188
6184 12 -3189
6183 12 -3191
6182 12 -3192
6181 12 -3193
6180 12 -3194
6180 12 -3195
6179 12 -3196
6178 12 -3197
6177 12 -3198
6176 12 -3200
6175 12 -3201
6175 12 -3202
6174 11 -3203
6173 11 -3204
6172 11 -3205
6171 11 -3206
6170 11 -3207
6170 11 -3208
6169 11 -3209
6168 11 -3210
6167 11 -3211
6166 11 -3213
6166 11 -3214
6165 11 -3215
6164 11 -3216
6163 11 -3217
6162 11 -3218
6162 10 -3219
6161 10 -3220
6160 10 -3221
6159 10 -3222
6158 10 -3223
6158 10 -3224
6157 10 -3225
6156 10 -3226
6155 10 -3227
6155 10 -3228
6154 10 -3229
6153 10 -3230
6152 10 -3231
6152 10 -3232
6151 10 -3233
6150 9 -3234
6149 9 -3235
6149 9 -3236
6148 9 -3237
6147 9 -3238
6146 9 -3239
6146 9 -3240
6145 9 -3241
6144 9 -3242
6143 9 -3243
6143 9 -3244
6142 9 -3245
6141 9 -3246
6140 9 -3247
6140 9 -3248
6139 9 -3249
6138 8 -3250
6138 8 -3251
6137 8 -3252
6136 8 -3253
6135 8 -3254
6135 8 -3255
6134 8 -3255
6133 8 -3256
6133 8 -3257
6132 8 -3258
6131 8 -3259
6131 8 -3260
6130 8 -3261
6129 8 -3262
6129 8 -3263
6128 8 -3264
6127 7 -3265
6126 7 -3265
6126 7 -3266
6125 7 -3267
6124 7 -3268
6124 7 -3269
6123 7 -3270
6122 7 -3271
6122 7 -3272
6121 7 -3273
6121 7 -3273
6120 7 -3274
6119 7 -3275
6119 7 -3276
6118 7 -3277
6117 7 -3278
6117 7 -3279
6116 7 -3279
6115 6 -3280
6115 6 -3281
6114 6 -3282
6114 6 -3283
6113 6 -3284
6112 6 -3284
6112 6 -3285
6111 6 -3286
6110 6 -3287
6110 6 -3288
6109 6 -3288
6109 6 -3289
6108 6 -3290
6107 6 -3291
6107 6 -3292
6106 6 -3292
6106 6 -3293
6105 6 -3294
6104 6 -3295
6104 5 -3296
6103 5 -3296
6103 5 -3297
6102 5 -3298
6102 5 -3299
6101 5 -3299
6100 5 -3300
6100 5 -3301
6099 5 -3302
6099 5 -3302
6098 5 -3303
6098 5 -3304
6097 5 -3305
6096 5 -3305
6096 5 -3306
6095 5 -3307
6095 5 -3308
6094 5 -3308
6094 5 -3309
6093 5 -3310
6093 5 -3310
6092 4 -3311
6092 4 -3312
6091 4 -3313
6090 4 -3313
6090 4 -3314
6089 4 -3315
6089 4 -3315
6088 4 -3316
6088 4 -3317
6087 4 -3317
6087 4 -3318
6086 4 -3319
6086 4 -3319
6085 4 -3320
6085 4 -3321
6084 4 -3321
6084 4 -3322
6083 4 -3323
6083 4 -3323
6082 4 -3324
6082 4 -3325
6081 4 -3325
6081 4 -3326
6080 3 -3327
6080 3 -3327
6080 3 -3328
6079 3 -3328
6079 3 -3329
6078 3 -3330
6078 3 -3330
6077 3 -3331
6077 3 -3332
6076 3 -3332
6076 3 -3333
6075 3 -3333
6075 3 -3334
6074 3 -3335
6074 3 -3335
6074 3 -3336
6073 3 -3336
6073 3 -3337
6072 3 -3337
6072 3 -3338
6071 3 -3339
6071 3 -3339
6071 3 -3340
6070 3 -3340
6070 3 -3341
6069 3 -3341
6069 3 -3342
6068 2 -3343
6068 2 -3343
6068 2 -3344
6067 2 -3344
6067 2 -3345
6066 2 -3345
6066 2 -3346
6066 2 -3346
6065 2 -3347
6065 2 -3347
6064 2 -3348
6064 2 -3348
6064 2 -3349
6063 2 -3349
6063 2 -3350
6063 2 -3350
6062 2 -3351
6062 2 -3351
6061 2 -3352
6061 2 -3352
6061 2 -3353
6060 2 -3353
6060 2 -3354
6060 2 -3354
6059 2 -3355
6059 2 -3355
6059 2 -3356
6058 2 -3356
6058 2 -3357
6058 2 -3357
6057 2 -3357
6057 1 -3358
6057 1 -3358
6056 1 -3359
6056 1 -3359
6056 1 -3360
6055 1 -3360
6055 1 -3361
6055 1 -3361
6054 1 -3361
6054 1 -3362
6054 1 -3362
6053 1 -3363
6053 1 -3363
6053 1 -3363
6052 1 -3364
6052 1 -3364
6052 1 -3365
6051 1 -3365
6051 1 -3365
6051 1 -3366
6051 1 -3366
6050 1 -3367
6050 1 -3367
6050 1 -3367
6049 1 -3368
6049 1 -3368
6049 1 -3368
6049 1 -3369
6048 1 -3369
6048 1 -3369
6048 1 -3370
6048 1 -3370
6047 1 -3371
6047 1 -3371
6047 1 -3371
6047 1 -3372
6046 1 -3372
6046 1 -3372
6046 1 -3373
6046 1 -3373
6045 0 -3373
6045 0 -3373
6045 0 -3374
6045 0 -3374
6044 0 -3374
6044 0 -3375
6044 0 -3375
6044 0 -3375
6044 0 -3376
6043 0 -3376
6043 0 -3376
6043 0 -3376
6043 0 -3377
6042 0 -3377
6042 0 -3377
6042 0 -3378
6042 0 -3378
6042 0 -3378
6041 0 -3378
6041 0 -3379
6041 0 -3379
6041 0 -3379
6041 0 -3379
6041 0 -3380
6040 0 -3380
6040 0 -3380
6040 0 -3380
6040 0 -3381
6040 0 -3381
6039 0 -3381
6039 0 -3381
6039 0 -3381
6039 0 -3382
6039 0 -3382
6039 0 -3382
6038 0 -3382
6038 0 -3382
6038 0 -3383
6038 0 -3383
6038 0 -3383
6038 0 -3383
6038 0 -3383
6037 0 -3384
6037 0 -3384
6037 0 -3384
6037 0 -3384
6037 0 -3384
6037 0 -3384
6037 0 -3385
6037 0 -3385
6036 0 -3385
6036 0 -3385
6036 0 -3385
6036 0 -3385
6036 0 -3385
6036 0 -3385
6036 0 -3385
6036 0 -3385
6036 0 -3385
6036 0 -3385
6035 0 -3385
6035 0 -3385
6035 0 -3386
6035 0 -3386
6035 0 -3386
6035 0 -3386
6035 0 -3386
6035 0 -3386
6035 0 -3386
6035 0 -3386
6035 0 -3386
6035 0 -3386
6035 0 -3387
6034 0 -3387
6034 0 -3387
6034 0 -3387
6034 0 -3387
6034 0 -3387
6034 0 -3387
6034 0 -3387
6034 0 -3387
6034 0 -3387
6034 0 -3387
6034 0 -3387
6034 0 -3387
6034 0 -3387
6034 0 -3387
6034 0 -3387
6034 0 -3387
6034 0 -3388
6034 0 -3388
6034 0 -3388
6034 0 -3388
6034 0 -3388
6034 0 -3388
6034 0 -3388
6034 0 -3388
6034 0 -3388