115.0625 -43.421875 50
114.84375 -43.53125 49
114.640625 -43.65625 48
114.4375 -46.796875 47
114.21875 -46.921875 45
114.015625 -47.046875 44
113.796875 -47.1875 42
113.578125 -47.3125 40
113.359375 -47.4375 39
113.140625 -47.578125 38
112.921875 -47.71875 37
112.6875 -47.859375 36
112.46875 -47.984375 35
112.046875 -48.265625 34
111.828125 -48.40625 33
111.625 -48.546875 32
111.421875 -48.671875 31
111.21875 -48.8125 30
111.015625 -48.9375 29
110.59375 -50.1875 28
110.390625 -49.3125 27
110.1875 -49.421875 26
99.984375 -49.546875 28
99.78125 -49.671875 25
99.578125 -51.765625 25
99.390625 -49.890625 28
99.1875 -50 23
99 -50.109375 23
98.8125 -50.21875 22
98.625 -50.34375 22
98.46875 -50.453125 22
98.3125 -50.578125 22
98.15625 -50.6875 22
98.015625 -50.796875 21
97.875 -50.90625 20
97.734375 -51.015625 20
97.578125 -51.125 17
97.4375 -51.25 15
97.125 -51.453125 14
96.984375 -51.5625 14
96.828125 -51.65625 13
96.6875 -51.765625 13
96.546875 -51.84375 12
96.40625 -51.921875 11
96.265625 -52 10
96.125 -52.078125 9
96 -52.15625 9
95.859375 -52.234375 8
95.734375 -52.296875 7
95.609375 -52.375 7
95.484375 -52.46875 6
95.359375 -52.546875 4
95.234375 -52.640625 5
94.984375 -52.8125 4
94.84375 -52.890625 0
92.71875 -52.984375 2
92.59375 -53.0625 2
92.46875 -53.140625 2
92.34375 -53.21875 0
92.234375 -53.28125 2
92.125 -53.359375 1.9
92 -53.421875 1.7
92.890625 -53.484375 1.6
92.78125 -53.53125 1.3
92.671875 -53.578125 1.15
92.5625 -53.640625 1.15